13668325413
13568163881
13778256656
15328215052
15983681338
13678292318
15520537226
13508105355
15892673088
13609916618
15883546189
13981258699
13219923388
15882646003
15892977023
13508060007
18982733088
13981118647
13668309732
15884294889
13438432003
13689667068
13154441851
13618072247
15882779153
13908284729
13881376956
13688313958
13981114198
18090262363
13629090377
18011628338
18885113989
13778746708
13881181139
13981249661
13398390109
13628083693
13890378633
18030970917
13990109638
13890132537
18084999223
18081436261
13778846008
15984381508
15983231187
13980381863
13990139995
15082822518
13778060092
15328151177
18030681975
18090918769
18981117457
13320924886
13881002119
18064964185
15397787118
18980171087
13551453018
13778266840
13678393754
13881075789
13778627573
13558543627
15881921133
13881468366
15884628166
15828979839
13688449169
18608160717
13458148090
13881146138
18081250985
13908127045
13508060578
13882588878
15183828268
13551769108
13558978960
13668170856
15328748580
18980137900
15228711122
13330706169
13981172562
18090633198
15378235738
13684260365
13330907397
18981620644
13908119552
13668220529
15892995881
18981140538
13778018013
13881299031
13981156780
13547453290
13388126965
13890116707
15881352873
18981866329
15308317788
15828339624
13890438281
13890108592
13550856846
18398228765
18608088367
15328116336
13330783831
15883760756
13778112098
15182395151
13350955583
18113690607
18981505202
15983663538
13980127453
18681680527
18781686701
13696293391
13018105310
15882822786
13670012249
13308119728
13551571533
13778770222
18382778888
13778147456
13882527303
18683993106
15181810303
13568279982
13608121336
15181613186
13778021196
13458147853
18090500067
15882856608
15181311551
18990158686
13890167668
13036415895
18981132988
13795883930
13890096221
13158881585
13982900094
13678239060
13689696108
13980113398
13541459827
13909037184
13890121898
13982578738
13547757708
13198661338
13890818416
13679612041
13550836115
18989215674
18398100552
18081576077
13990117083
18980651856
13990182011
13778816808
13778515515
15982992869
15828320853
18090263998
13541828838
15181695895
18981172938
15884651531
13890311225
18381957298
13628126162
13518327298
15882813576
13684337919
18808393085
13320891116
13990133457
18081222812
13989210804
13890119385
13976663548
13990119335
18908069758
13541769801
13551032354
15082155376
13458076154
15984496550
13990110185
13540939393
13699013334
18080756578
13508068217
13981092775
13881165150
13350101909
13348819333
13518315059
13699620831
18283618669
13320909396
13696134288
13981360824
18990434503
13980047603
13547777962
15983633999
18111268159
18681699001
13989290112
18781119305
13778713973
13558805585
15808163983
13981109964
13981150660
13708110126
13219886089
18781208822
13881238866
13708112367
15883507365
18981788801
18990158781
13778780918
13518330132
13980168228
18608090053
13568226001
13890196522
13981155906
13881109799
13882985489
18682533811
13198678978
13890133867
13398398138
13990056505
13550828898
18384995643
13350491099
15228735470
15308163910
18780484288
15108212344
18008161155
18048612923
13006829369
13619094799
13908123671
13981351282
15892562105
15984796180
13698128594
13568212298
15182798196
13778196730
15082191234
18148009078
18728176205
18981274419
15808392809
13551401522
13890004966
13881185439
15883789511
18188403058
18116760013
13981606116
18281861322
13981169355
18982537026
13990231432
13982577056
18781695581
13508118066
13628119634
13795580330
18030988612
13909068801
13890106567
13882522567
13540063619
18981602446
13981269797
13550963997
13388369977
18780386730
13989160007
13890171313
15082620121
17740900779
15198125931
15808226241
13108156278
15328219099
13308188092
13981233168
13658166608
15228426879
13980136501
18081253133
13990875153
18980150165
13795779958
18081252899
15983616677
13708122516
15892662691
13398289776
13388110004
13880355689
15181683022
18086878977
13778165516
15386613499
15982509318
13518239654
18090367121
13882057393
13378368678
13990103678
13880583946
15082576398
13890464079
13882534920
13551513008
18982543219
13890055012
18016164118
13088198303
13890120151
13088198303
13547095586
15309095542
13658120289
18090805618
13881113396
13018277799
13881388866
15883351212
15328220906
13518310833
15182395621
18090805638
15281180363
15883794459
13320905160
15284046048
13990146016
15984441128
13088108116
13350969277
13890088229
15892618347
18030938299
13990899098
18181588026
18281966231
13890096438
18008151675
18058868001
13890120553
18982155632
18608059293
13882588316
13890062236
13990057593
18148005418
13982538871
13088260536
18981132228
17713510911
15182372583
13881443322
15882832220
15881623832
13990301926
15883760616
13689680059
18224040208
13778058431
18980239133
18982947775
13990195065
13881133982
15280988163
13541729695
13778033534
13981609578
13982569796
13408386475
15281106909
13458005391
13778286806
13629011336
13981115686
13608128811
13990133592
15348103933
13698253777
13881483721
15501301612
13778125805
15328200865
18990089693
13980607625
18080584012
18030951687
18064923296
13550816761
13990023563
15281656773
13378250097
15388281678
15281692232
13909011997
13990002923
13550805788
15983943877
13688359739
15882961077
18398800208
13541510222
13881159616
13778023805
13700963618
13881025248
15181352488
18081217053
18989209987
18980958986
13096199123
15882797912
13308123829
15328168309
13547317195
13458351032
15681162701
13541965971
13568363048
18909060370
13890859180
18030971187
13088252850
18990513971
18086901288
13778994502
13980176256
15681936657
13778108289
13547435928
15528571186
18111601198
15828638878
13096402698
13330882323
13808110467
13568264384
13880337998
13881186616
15984685608
18080310525
15228430288
13684421671
18009098588
13388116998
15583336977
15181613200
13350958287
18990017336
18282551309
13890115311
13281548635
18009081661
13222977921
13628075742
13699635668
13778947265
13388103576
13550278726
13989215116
13909067056
18281886627
13696003339
13778015886
13608119530
13981135212
13541906819
18780477535
13881142140
13880834211
13551685638
18113811252
18990188926
15181679678
13778098666
13982515135
13790252159
15182959927
15984907320
15983635189
13908126236
13698399199
18090084519
15983624666
13909012100
18090579817
18981131693
18782202100
13882896473
13151061311
13890460111
18681668095
13778128707
13689037021
13689695799
18081556968
13990118993
18030956242
13778087188
13778177862
18123313029
13981121618
13890191199
18980120133
13608116275
18181743292
18981881641
13730729453
18981210635
13786459760
13982822010
13629062609
13808114189
13990131088
15228780859
13778177601
15983546610
15351350650
13689036604
18095031486
13981195912
18980155382
18015772222
15182353912
13547591018
13699632186
18981631328
13982992766
13908117863
13890115221
13689671958
18108143361
13309399998
13778032229
13890833456
13778058688
13398391990
15183216389
15283233628
13158488999
13681067893
13547029980
13881269119
13320751980
15908308822
18981640778
13981631329
15284002389
15681161103
18908162759
13980120320
15528521168
13778008016
18181761618
15883725346
13980151199
13388104736
13890030677
15182859273
15281126022
13980845522
13982103598
13990198772
13981134199
18081223010
13408112129
15082166940
13696297933
13778500352
13778009313
18190011782
13550594936
15983633989
15983154060
13778118307
18780379908
13518125096
18011101963
13808152742
13568370990
13008127923
13551403351
13982451615
13990197558
13990168425
15983681846
15328229737
13688261799
15181644576
13778261365
13990089993
18781172726
15982528892
13882846662
13778982352
15282260811
13881130202
13981330931
13679693369
13980414130
13882449175
18990906898
13981283368
18349101221
15183991022
13708123549
13990081560
13881259730
15983666789
13608111473
13908117016
13981151755
15082811440
13981405648
18190960558
13518120151
13981180008
15882770935
18081792046
15883337662
18009063919
13778508711
13989143588
13890007981
13881113501
13568773278
18901104686
13881620822
13980141392
13990000966
18781626729
13989294099
15884677533
13281400891
13981168031
18908166083
18030861975
13990868583
18283220503
13778075072
13990351931
18781861812
18980160667
18908166066
13981155959
18908110912
18981173923
13398386133
18942882799
13698190166
13795802763
13909027691
13982833721
18981646039
18981617082
13320901755
15183561358
13908113661
13882822253
13669553369
13398345670
13890101167
18981149557
13890136023
18281525297
13882517313
18990901811
13541765222
18161378306
13881219768
13980102296
15609060992
18908241211
13981200836
13320896616
18881852333
18030960331
13696257381
15918035561
18181529738
15983380065
13982891525
13890459470
18982814689
13006498846
13309016289
13518315135
13981323118
18581802112
13989281145
13219925318
18981130926
18728186999
18981744526
15082191291
18113407786
18148008998
13882967795
13458220251
18029362760
18990760863
13890116193
13035610343
15181878332
13990165088
15328339557
13350970948
15196947759
15008172191
13308118051
13350993414
13982833055
15328851951
18030953109
18981247045
18086929935
13980222318
15984124826
18181526378
13981025288
13881187459
18783964111
13700962233
18982937366
13981150216
13890276660
13404037033
15388353908
15196343640
18090928988
13088256337
18280726924
13990015623
13118175880
15283287648
15183820048
13219941286
13981177487
15528565992
13990116808
18190961053
15983687531
18783845993
13708108304
15982536321
18682501587
13981137399
13340732813
15883702335
13981138689
13778152573
13881124498
15386657931
13981215807
13990016972
13689650900
13990287535
18990168185
13688225056
18030992757
18090608969
13458194022
18090920517
13558535253
13550734661
13568429653
13568438309
13551483601
13990205599
18990419553
18190653564
13340897786
18628910627
18908152829
18981634091
15281668817
13981237222
15902867875
13881270839
13908119292
13890161853
15181684867
13438709268
13881215535
15883531983
13198097229
18926224635
13730725143
13708112972
18281929211
15323506288
15528565958
13547282925
13778040516
13990081887
15882787708
13982463657
13990048161
13708262469
18681647533
13778165668
13038292573
18113393062
13882863303
13378199815
18981137515
13881820456
18990400486
18990771513
13709032335
15351438577
13158866705
13568337892
13990058087
18784652064
13508009936
13808123591
13980140153
15351333077
18281547636
18990670726
13981209065
13990192600
18328128908
15983867798
13981199078
13881280018
13981159339
15881699107
13981203910
13908165432
13980137516
18990062801
13890045210
13890021471
13006481678
18881263299
13981697826
13882598922
13908033153
18982253991
13881279816
13981810458
18181781769
15884357606
15228776325
13981634530
13981413127
15923088100
13881693216
13618120095
13568227117
15282056119
13881192003
13458040787
13990137109
13981212347
15983781118
13990082603
15881005434
13881155566
13730842768
15340588128
13981209870
13628082191
13990128024
15883701536
18768623780
13035690589
13890065672
18582183905
13308123085
18144321355
13981370900
13990199338
13320659298
15983055339
13508102263
13808118767
18081284629
17780528865
13678013132
18048905338
13990218738
13917134492
13981482994
13881818360
13982597661
18781178209
13056587455
13778070676
13388385738
13980158543
18280097695
18990991527
13700948185
13568275228
13550805106
18980296112
13881752558
15882122268
13890334760
13550825896
18181780072
13881133186
13219168828
15281832738
15284032887
13980168800
13679604220
15182186539
18980114074
13890776055
18084991920
13402372877
15983682712
13703455994
15882305585
13388333035
15282551928
13340634726
13982510568
18608083416
15281639714
15308318052
13778321111
15386519119
13990144458
18990217647
18990190686
13980298965
18781198208
13547019887
13980143707
13990032137
18784027636
18064965185
15883274326
13890100672
15928217917
15908309289
18281311136
13320888128
13568092120
13658110598
18381604192
13547877777
13320816825
18683202170
15183843018
18783859848
15328309666
13558521920
13882505087
18981120653
13981231248
13309010691
15182308588
18981100589
18990018187
18990102306
18990186519
13880241767
18011626956
13688428986
15181818175
13725852602
15883777073
13990201289
18784949608
15181818176
15182354966
18281639522
13980230713
18681611599
17781789653
18990086449
13981178997
13308112959
13981114551
18121827073
13982943677
13778020521
13320918827
15328229882
13558759163
15883781516
13990402187
18113650595
15884628118
13980663215
13778137538
13981732087
13990200058
18381609330
13548467581
13730708886
18980180616
13035655925
17761291587
13990107866
13890179807
13540995432
18009065933
13980161391
13890112817
13890105137
13981771528
15881630950
15991420864
13458314664
13981142388
13990169068
13547185819
13699003631
18508392733
15386607863
18981616096
18608333331
15884609773
13881068086
13890176435
13890353270
13795761817
15328167569
13990020956
15884077994
18281573809
13880623058
13661568071
13990729872
13795922598
15984435366
13541773667
15283868653
15928096661
13508262935
15881659875
13568168208
18281836388
18081261605
13890122953
13778156535
15002857685
13990320932
13308112692
13558753743
13548442904
13990157995
15283221338
13018148141
13684361363
18982512373
13990814125
18227939938
15196841965
13698350139
15182422553
15328911888
13881033322
18781106786
13908117073
13678325300
13890950157
18380833727
15881683377
13795613364
13909066905
13808115523
13679086883
13890501591
13550784799
13689671664
15208299265
13550284341
13648079362
18980186708
13990185726
13698254801
13541765000
13608112244
15181166882
15308308092
15378214153
15902815623
13890712996
13076033616
15196292609
18981409628
13088360728
18048000567
13881299155
13628183159
13890115731
13366678466
13408104542
18160088688
18780310029
13980739013
15892968770
13330750311
13518327571
13982555966
13990184429
13398429588
13550129915
13541900979
15308266048
18108277727
13629086160
13989291616
18606812593
13882670991
15390252673
18990042431
18990495789
13981310169
13881151976
18982539922
13981157506
13320900127
18990101878
18980361734
13739473881
13730842886
15928348376
13989292815
18190663276
13909060508
13989212507
13881755432
13568491228
13388374463
13980058191
15881886917
13700942088
13881622220
13350475013
13981223968
15388158633
13678232288
13981202627
13795850253
18981676636
13990993701
13778098336
18381489508
13696281848
13980393789
13981212671
18086992188
18121806328
13684464395
15281610171
18283890699
15328399148
15883748995
13990298022
13881205108
13398367624
18990867075
13778114081
13881075980
15881324095
13568209498
13890068763
13198739291
13890196490
13808120738
13684426518
18685334412
13881168807
13778035850
13908115955
13700968491
18990144213
15351238889
13890122993
18123274187
18282119789
13541360277
13981327001
13778585749
18080521278
13881266782
13550032278
13980122601
13980018686
13981881637
13551551880
15181191549
13558888860
13882595898
15328805977
13778341562
13678376999
13518341376
13880122817
18281608727
15181688520
18161069809
13541699563
13981219695
13981110781
15181687697
18780323699
13881189862
13980126716
13154988758
13890954148
15196878488
18190625639
13208276222
15881241338
13890057369
13092856778
13628151783
13696253298
13350010526
13708121473
18981196656
18009088313
13890126166
13990141135
13708118567
15983121277
13981122766
13668328936
13881065483
13981970968
13981199766
18981151166
15908222000
13688320058
18990193589
13890063952
13696062805
13568277990
13981138252
13989298626
13118168237
15883793932
15882652733
13096237302
13980149057
13440049444
15183298982
18188407213
18780539355
18123180815
13908110785
15881425678
15982531950
15351234977
18990112059
13419492233
13408161368
18008278688
15681125289
13549010053
13725892299
13568399993
13990110779
13881100071
13778386396
18381852891
18990982508
18080036365
13547280128
15082509456
15882817468
15892617291
13608128511
13778098877
13547041843
15883716808
18990181155
13350776391
13908112903
18781188672
15884222627
15681900926
17608164970
15928926903
13458818289
13990093698
13541266872
18990893919
13551374562
13880332321
13696273577
13909011240
18990990957
13890715236
13778139186
13350990686
13890169987
13980147377
18782571555
13981100894
13547188015
18908121251
18281851168
13508061338
18989157168
13558713845
15328583700
13989171233
13778155088
17721918967
13419213765
18190666912
13541737689
13990189228
13096049928
13518306311
18190017893
13183788487
18281028960
18981137227
13881187906
13350981150
13708127250
13568724748
13881163698
13700966996
13890131928
13540166527
18990154188
13668320481
18781191676
15228300681
15908239568
13990021254
13981395173
13778175162
13890031665
13795680017
18784950100
13981204005
13981139029
13980164178
13990134693
13568928527
13890180752
13699603853
15528581931
13981298282
15982904020
18016156315
13890930068
18990903935
13778508067
15892250517
13551082189
18008159667
13990081711
18048912520
18381688893
13730717969
18780500925
18111702357
18981013687
13696256086
13035692256
13990159913
13398368398
13440073378
15182577333
15309015477
18283908378
13881337292
13158883086
13330738188
13981605675
18584070018
13890133720
13688259780
15348174827
18980535899
15282229250
13550459563
13398495526
13198431387
13628111071
13981100979
15882149691
15681090709
13981693208
13540999556
15308322113
13678245549
18990426442
15181811586
13882599640
15328596287
13890991720
18190117711
18908293661
13778024406
13881154891
13678008870
15982589929
18030954292
18284626999
13402370216
13678101684
15983697816
13890198218
13458043689
15228040333
15196222953
13378157578
13608124880
15351356623
13881156689
18782596818
15082242372
18282593339
18783422325
15328444998
15328444585
18980135095
18281529192
17708027172
13808110109
13881447667
13568228164
15388479913
18990322545
13809390516
15390254280
18990752760
13990115356
18587953006
18121806326
13981218180
18990680675
13882519028
15378168999
15608296077
15983637362
18116680691
13712329968
15281969267
13698116077
18829532180
15284014498
15882976037
13568954997
18010695872
13982504068
13890382776
18990085143
18990534223
18780477829
13881208795
18080258338
13608001125
18909069709
18008151518
15196238451
13909043042
13308111506
13350207728
13778139965
18381997338
15881606001
13890184634
15881423722
18009086272
13658117511
13568034111
13778022651
18980485905
15182628122
18608300891
15884609472
13882529748
17381454137
18990938760
15328201088
13981185607
18990119921
13568492688
13086474567
13198363456
18010523981
13981008566
15282240597
13035648923
13989285495
15386613391
13198672917
18990102078
15859469596
13541500286
15528588351
13608266107
13518307349
13881996866
18180168121
13980128179
13982509238
13981235309
18048110929
15351402426
13990163450
15984169256
13778017237
15181601112
18681632273
13350999165
15183582992
18990110272
13981678970
13882583325
15228734226
15892217528
13990181558
18990965100
13989177775
15181665911
13730708998
13881104577
13990197317
13890873366
13079013486
13699627021
13700960389
13989271807
13558581499
18608173596
15182855295
18990429928
13989280323
18180432698
18086990115
15808192127
13990712617
18081335208
18681631231
13541808787
18008196017
18160188256
18990901579
18090613729
18784058418
15196435786
13348912687
13808123751
13438770669
13882315680
18683070606
13018215531
18982793596
13118172552
13547312389
13679157443
15182480967
13982557989
13550963811
13568311176
13568311169
18780319333
13659082660
13890801380
15881680592
18681698863
13540170921
13881231990
13547912206
15386639852
18990345230
15284139931
13981574267
13882034787
13890375031
18783966178
15328866813
13778073685
13398351569
18161396656
18080475932
13700996133
13198085993
13518322077
13908289077
13795931920
15183815502
13981685309
18084886639
18628097678
18908167879
15608167879
13890881298
13219747261
15983631811
13990016309
13908228539
13881242662
13980138965
13981552087
13547102230
18081222807
13990875498
13980858667
13990297229
13881186103
15983338230
18981206856
13551108627
13778130386
13890027891
18090375228
13890077990
13388329883
13309003318
13778220716
18780596334
18990260067
13541442361
18780967447
15908480552
13229975765
15008138310
13551719912
15181236874
15982002026
15328113566
13981212790
13550476203
13778059090
13678230232
18990107836
18909016899
13890296088
13890962915
15328413980
18728904656
13890159028
18090204576
13698258159
15883645657
158837928199
13980155530
13541715906
15184406333
15387616806
13608204655
13980282450
18181748258
18190014498
18080585292
13881023333
15228397711
13548295280
13990122726
18981181909
13308112941
15386645710
13981271765
13908129378
13281513827
18982979502
15808259280
13575724092
18989226362
18990102173
13989281731
13340895316
13981111228
15928137046
13438554222
13508228347
18981670133
13628111720
13908120340
13551170692
18990168198
13778195736
13320880695
13778525258
13981139637
13990166358
13980135507
13981105533
18008189263
13795957120
13881265869
13330711866
13887580390
13378160436
13990182149
13668211890
15928932228
18148127218
18086901332
13990157388
15808380201
13689058123
18382880896
13778100533
13890029585
15884242903
18782588855
13035657926
13982462111
15387617558
13890166725
13548440613
13540934866
18030970735
13730767761
15228736774
13350851097
18981136876
13980125529
13438540530
18081206700
15983636627
18980470080
18080262740
13550857799
18628103379
13980120491
18981109628
18398113366
18990449055
18048581576
13739406714
15808162352
13628113669
13982268436
13990213911
18081243379
13550560817
18982224555
13981308068
15881655819
13541722063
13696273367
13989179216
18981852387
13980542853
13795862377
13621876956
15228788803
13438505100
15908236899
1809018940
18090018940
13696215005
18011622801
15282514695
13608157770
13518457488
18682506066
13981130926
13909399139
18683030999
13982589589
13547799939
18990177346
18608152288
13684236733
18981186605
13890118886
13778022161
18180437889
18015709139
18090112759
18990426007
18384128330
13989278771
18628208021
15892538003
18980152772
15328239851
15882867860
18783555087
13890873466
13908111205
18981605409
13551575815
15882867193
18990182298
15082043369
18981182636
15228398076
18069228829
15328212570
13990137966
13700921290
13438231172
13981102518
18683579320
18981193668
15308380880
13890551922
13778121350
13908192878
13108159719
13330732799
13541867366
13458826184
13388110980
13568421703
15309007847
13547827750
13882406211
18048171338
15908222868
15892612136
13795969820
15908218417
15283328666
13882517276
13890170112
13981170880
15308344079
15397779879
13551571824
15328208076
15984701106
13508062458
13547103808
13608118422
18784531688
13981150226
13668320730
13982539398
13658132805
15828764930
18990031967
13628088738
13547226216
15348273531
13778075238
18990146177
15883554636
13678296780
15386536188
13880949318
13882952673
13778216739
13982015922
18009093662
15378490209
15892993191
18011613259
15281620021
18096350000
18781140893
18728139256
15386622273
13330656058
13890129327
13541967798
18608395999
15196290689
18990867100
13990183231
13778163482
15982508366
15681967256
13348866271
13990037160
13981850599
17713693865
13980126832
13568729933
13778033827
13980885758
13990758953
18881254071
13350180051
13890136268
15228552221
15181695512
15520656197
18780407020
13890137836
18981348854
13350946181
13778027603
13511365666
15233722978
13795759641
13981083732
15082139258
13378178045
18980058038
13795932692
15390277345
13990066017
13882633456
18981257011
13519095921
18990079869
15884621717
18683973099
18666875521
13880810697
18281932524
13990182692
13438689290
13378178507
15181653072
13881218448
13408058383
18990096903
18702803856
13778031875
13219191969
18030995638
13778131889
13778060589
15928213631
13981265551
13547224263
13547135237
13908219688
13330841186
18221288388
18990726815
13035660666
18682535871
13990137776
13795925858
18909069918
15908390460
15608217142
13408644901
15281155020
18383519018
13388102340
18080569205
13908092358
13881219709
15983157816
13882853063
18281230758
15281649568
13980234311
13551580169
15908420676
13778071501
15114025652
13035668203
13684359218
18015765218
13981620395
18981630029
13990032256
15883713638
13882569336
13795593229
13890109104
13551456965
13547143339
15982731585
13981253673
13541826618
13982551556
13548251600
18908124707
18990020392
18030688979
18989150376
13547773557
13320814400
18981604969
13990133445
18009090122
15215196116
13035636688
13981136090
13881153287
15984159539
13980127350
18990189886
13458960052
18008263169
15982734888
13881162267
18380856791
15883724531
18081576033
13990117209
18086868192
13778422790
18681348236
15928300090
18009089377
18080740175
13568275595
13668315668
15892303078
18188388533
15882138089
13547149172
18781635061
13700999737
13882550828
13320686533
18780567960
13350479199
13808183852
13508166558
13980193567
13981056469
15328933255
13398191889
18981131926
13547089073
18108166699
18608168181
13981684150
13547128134
18144252325
13982559029
13698340277
13908127056
13881337255
18090058730
13458007736
15982961086
13649010819
18990427998
15883763385
18715780345
13881008728
18338493134
13881690591
18090439966
18908179032
13548313555
13990147669
13980183155
15182974888
18981261168
13795560003
15928310386
13890253368
13778217933
15892973590
13908221696
15520540050
18090940916
18030966633
13982597294
15892234006
13619022180
13551355657
13880205861
13708026598
13330691268
13183770546
13541012001
15928138120
18982456498
15808169821
18608077754
18990119255
18009081145
13778339533
13524809168
13980121123
13990170776
13568027731
18281550503
13568266378
13882530862
13689691006
13990112761
13108082330
13981141166
15308305588
18144251719
13183786622
13909022650
17716847383
13882890499
18981199926
13350960669
18990267711
13890201169
18080756733
18981156866
13890081091
15881672911
18280324108
13881611722
18030957505
13981056122
18982484771
15884619835
13618120034
18990000856
15008356983
18981040056
15983991526
18190631616
15983882220
13981176708
18780345245
13350663795
13881639369
13880620388
13550860011
18608091786
18181741445
18328042271
13550825166
13382108616
15348203747
13268995839
15223158296
13699635989
13990185967
18011662582
18030923639
15892671059
18990517765
13890147710
13182320450
13990097996
13518272385
13088254899
13982832336
18190625906
13981293525
13699637707
13568427258
13981234972
13700962021
13108446327
18008193677
15351289889
15823438104
13698275539
13618113708
13547231066
13890595561
13056422691
13550311688
15808391507
18011615095
18080265759
13881189933
13990530920
15808239126
13308113649
15892655388
13981156328
13568909050
18080599166
13882416778
18908061410
18980166477
18181785309
13378168878
13881850520
13198688279
13881136627
13982822938
13981113860
18942811311
13981365166
13981243007
15908201973
15882837878
13541725535
18010635840
15397730707
13198688278
15223355568
18398303658
18990161212
15881666167
18009060237
13668386481
13688300826
15308123468
13881254696
13980160522
13547168788
15983431288
18190742005
13219797669
15309010071
13990215839
15883551929
13882519492
13056500202
15280963727
18081906938
13890146786
13990155399
13350028863
18048815937
13350239391
13568726099
13795769989
18990029570
13881167197
15328817062
15282215122
15351235782
13909076539
15883980077
13981335474
13558682181
13980151105
13778121416
18288185898
13981142368
13981391522
13714096730
13219928332
13035685495
13088119180
13309010563
13547899620
13518328881
13348837650
13541931696
18990762176
13778094437
18908166618
13628082468
13890179586
13330894600
13882512626
13795767866
13980119033
13320895062
13666216777
13881118713
18780563459
13458557762
13540107411
18989148973
13808102757
18080338060
13778163470
13684053120
13541405088
13778001479
13990350181
18608143361
15308307082
18990096958
15082222333
13890170418
13708153465
18621703402
18090968951
13882939280
13881279519
15881684399
18081209277
13696277786
13778046543
15883518249
13890627059
13795775699
13778743597
18382978569
18990145330
18781261876
15982719692
13320759638
13118276939
15983642827
13511630132
18243326655
13438755981
18781172060
15351421688
18681330913
13778032373
15928323905
13795595326
15984669288
13730862136
17723364032
13388362677
18683666003
18161009339
18981635452
15008189388
13990277667
18608096673
18682100231
15388304883
13890191468
13541790298
18284953214
13881239868
13118187600
18228629688
18908119988
13981121366
15884670228
13990199915
18283279336
15280992320
18981156179
18081233863
13890153053
15386633116
18980141171
13684049559
15082592258
15386606500
13808155303
13808111811
13778060909
18990089916
18008148188
13890062925
13778023183
18691455835
15182574410
13388108114
13183762755
13096110303
13648082590
13198082555
13808242375
18030931158
13778848268
13627692409
15883774612
15284037932
15682371585
13980167718
13608110376
18148015239
15390265305
18981104128
13778235952
13881236777
18048908098
15808165396
13541966698
18161069935
18780312789
15281110172
13981142802
15983581022
15328229696
13518319166
13541837965
13881152662
15386667050
18011141568
18084889309
15183899422
13518369937
18981667711
13982033656
15881698675
13378170429
15884774132
18048176405
18781154952
13880365757
18081213277
13980272731
18982676116
18009073793
13350993538
13541129935
18081206069
13458358411
13198650159
13088262060
13890188108
15883173126
15309073555
15351466677
13618079170
15282584328
13981720977
15808163842
15282273030
18161045186
13981130507
15882299708
18011662595
18048176658
13881199638
18200210938
15182302887
13608106682
13981065066
18283337281
13115588822
13568365156
13340896320
18121895888
13340808505
15984897740
13981269456
18281687368
13909069259
15281110526
18981662803
13980290522
13778511686
15390325999
13981616188
18990118206
18608137125
15756322008
13649089552
13608263293
15828670120
13408151870
18096398165
18883708177
15882781824
13981133177
13795810882
18780559065
15983687052
15881670009
13398379319
13981732620
13689638188
13419034061
13990121277
13990227171
13778069990
13547776573
15982555517
13881125033
18981162863
13808269287
18990250883
15982555071
13982375578
13548216930
15983692333
13909093990
13309064206
13980130278
13890839168
13398136165
13881653288
18980714149
18080739609
15881626831
18382537888
18180005342
18990010819
18908161236
18909026709
13320806895
13518259198
13547597363
13547425410
15008156916
18048610018
13982991839
15328633398
13795877706
18908238768
18980571089
18990269728
18090116808
15284136898
13458308409
15228798067
15928213218
13608234622
13688286693
13808115789
13881285578
13795885789
13981014052
13881178785
13608114534
13982580246
13308113346
13438576103
13108115392
15228881880
13696273368
13648110338
15808161801
13882569227
13548285134
18084897306
13398368572
15308349369
13908213798
15892498695
13700964472
18080737620
15883657418
15980257035
15308303689
18508160601
13198665681
13980131867
13547132393
13990175065
13559182067
13508100158
13778592790
13558998301
18981221967
18980161378
13890161830
13881633783
13678359916
18030961888
15181616779
13990197124
13778318168
13778591715
13881124552
18990137472
13881067498
18982995219
13658126661
15828109010
13990751718
13778176358
13882070961
13990028110
13730716925
13684455188
15881653831
18982700044
18980516655
15808443777
13404027000
13684242839
13518339382
13568735959
13980091889
13568020578
15181887369
13990101801
13035660586
15883784160
15984501016
18281681678
13881031177
18981180307
13916926508
13708148355
15881620600
15378652383
13981107857
15378553212
13982842530
13730652234
13547164625
13509114822
13558791168
15908428748
18081599073
13548313215
18030816931
13551707069
18181025906
13882509549
13458051540
15983671976
13438649179
18990427654
13881662355
13795948671
15351258798
18121806975
15775957189
13890133533
13679605536
18161489906
13350621633
13620084881
13714315976
13458029610
13629088158
13547524566
13118181639
18228013979
15982756439
13417306196
18681511731
15828863777
15181738626
15181674310
18183319400
13108151572
13778124492
18781176823
13990119506
13890009160
13402371436
13881102218
15228745700
13550810164
13518361373
13990022180
13668252961
13684320260
18981611500
18982567266
15982562255
15082180968
18981269827
18048900238
15984387688
15883906282
18980188967
13558992506
15520598868
13276876868
13980122001
13508113022
13980185473
13350969877
18227898411
13629481755
13882977221
13882681668
15884678102
13778092553
15812503776
15984696133
15983099778
18281962439
13881195120
15082622999
18981165266
18148424876
15881350893
18280382855
18111371530
13990256489
13658045156
13550340604
13422014188
13881132151
13699622796
13518475518
13778120503
13398390055
15181608696
13708109351
13568075600
18383262418
13547198776
13628116229
13981132408
13881171238
13198264659
15283190847
13547071080
18381010651
15808453302
13990102651
13548421222
15386609018
15884556893
13981110362
13330810504
15281723798
18308462090
13881259066
18608269777
15808170631
15892635531
18782848356
15984640658
13981677972
13035606157
15984492001
13670375824
13649060086
15908237788
13882590106
15309007916
13778123270
18081223525
15882983998
15984692897
13990816729
13981079506
15328237798
13778136818
15928741684
13541652615
13698153210
13084328273
15928055812
13458317011
15881636618
13309018255
13990082421
13908095798
13628082668
18990188268
13547115825
13678230347
18781670856
17708070013
18113408837
13890147395
13981155911
18281905551
13608121392
15228359883
15881731078
13982595819
13778041546
13795954895
15908415913
13980093405
18982545878
13350060797
13547429328
13778068420
13421836553
13398359733
18142555503
13890185566
13890883356
17760040062
13154432981
13881160116
15828516685
15828086623
13568327822
15228730516
15008388178
13541922643
18015770579
18875129420
13981066111
18781189813
13688186208
13808174356
15283888248
13769179656
13881158827
18084888579
18981611855
13076050488
15378239637
13990197785
13982072996
18108159398
13608129318
13990168718
13981634958
13890194623
13540389416
13708037162
15281716335
13096230815
13882043584
18224085980
13981136385
18081222983
13696255834
18048903810
13350958788
13990043866
18040463996
18981965219
13981491370
13540833780
13880515029
18283613961
18683976811
18010523433
18981165479
13980951095
18188384126
15308318948
13882556629
18990189630
13518219587
13990155807
15881948173
13981123790
15951188052
13890924092
13881248868
17780717076
15182437660
13350016656
13693492405
13881122313
15884666692
13881195752
18081211698
13989290551
18919399909
18990938475
13518333647
13990175266
18081226578
15883792693
18780437467
13778056723
15196228776
13881162869
13568778184
18408278260
18008074918
18080390125
13350018605
13547125340
15182376659
13350982002
13808040928
13154621796
18398954877
18123035468
13890182767
18840456777
18281330943
18113891729
13990696800
18398126323
13861054595
18086975666
18981147782
13568478057
13608228300
13980269566
13881529321
18990125533
15292881531
18990111072
18989274779
13808129703
18228516416
15057102670
18267732825
13881430388
15583928195
13908124280
13550837908
15984131481
18784025976
18148428008
13568174947
15908257510
15228403595
18981174848
18011110685
18040410128
13628113537
13982068158
13508101020
18980146258
15001658336
18981102670
18681695790
15508062205
13309007400
13551641169
18608103031
13730802593
15082153652
13541826698
13778013505
13108156279
15882837618
13568335699
18908850756
15309012869
13578430688
13881233919
18113414048
13629413430
18981009059
13350523839
15228304343
15182309184
15559190735
13882571545
13980306998
13548412313
15882888016
18123207127
15378222716
13778004883
13882537688
18086861505
18980361606
15390482077
13989275393
13208337733
15883781159
18008258252
13208105688
13281200234
18683975098
13880650800
13908117186
13608119015
13698382410
13795959957
13993905851
13198698785
13808235537
18008191972
13678010358
13458136372
13730799913
15378211028
13881111268
13278712118
18008160679
15883965808
13982528898
13981135456
13568011328
18808398285
15284125461
13990121732
13688137480
18981520989
13551487443
18181766199
13708144808
18048638048
13989263098
15298207599
13551233305
13508288699
18782818532
17309005570
13980151088
13981155613
13330902186
13628089026
13629031294
18981965527
18011607738
13990165577
13594229283
13088015996
13618006001
13990188127
13708117963
13219198788
18030981027
15881438306
13547285858
13980351922
13547122456
18681691113
18081217533
15883688555
15328760826
13378155502
13550845638
13320892191
13548438881
13518475192
13981205383
15281660028
15883771128
13890136324
18181506686
18682661165
15583172528
18981311131
15281814980
13881110190
13881162895
15984757999
13568709917
18090817466
15508063101
15182569844
15390029129
13989280158
15390119393
15984900163
13982531666
13388338177
15091857589
13881144333
18990107550
18048181723
13981188067
13881106087
13320840709
13990090145
15808169753
13709025985
13980142422
13981223535
13700922029
13330891752
18781717315
18990405456
13881100679
18990877563
17608169826
18148064942
13778181222
15228333001
13990189901
13882589008
17313614372
15082182782
13980321100
13890122780
15984630675
18782578896
13689681387
15883740400
13890135757
13118110801
13658131383
13881039410
15884005106
13778808350
18782532999
13408697817
15196114362
13990130531
15228305508
13518241080
13540119624
13541778578
15828897891
13547141549
13708134470
13778983169
13981235875
15281110988
13388335377
13990028901
13088100128
15108166188
13890191191
13198173677
15082195568
18990196133
13689673198
13990184706
13881187555
13350010125
15908231227
13258435580
15228450068
13982531070
18030952603
15196236467
18015769138
13990196580
15882770834
18780346689
13541726137
13699613462
13683488573
13881195186
13678238979
13708130798
15984619787
18181813686
13881275860
18781102612
15908218293
13981214082
18990104611
13890154707
13882048318
13980313043
15902856048
13678237935
13408336683
13981092470
18080072196
13881220205
15397628356
15328595596
15983666665
18981175066
18989280288
13540535598
18611498234
18780535810
13096121149
15281163745
15196411659
15583191313
15282380858
15883397891
13568360668
18681682735
15982522373
13882861083
13568371028
13881827525
15183446383
15181642389
18090429119
18980333318
13890196054
15308341383
13881152766
13778824089
13628113159
13518451388
18282927159
18909041816
15983446829
15892675585
13881698522
15892602906
13458994182
13981510918
18781461161
18064921611
13778195268
13980789271
13330732707
18398873777
13980279431
18096286691
13808115655
13882867593
15881438824
13881596344
18980676015
13198716775
15108148556
13541978887
13608127040
18990887383
18089560755
15328231265
13881138732
13308114866
13658128066
15281719803
13893993059
13350959872
15882925909
15882905522
13778060001
13881120897
15282056365
13541702116
15378682728
15183943691
18981189423
15984290073
13659023193
13608119039
13981368182
13696287060
18681666529
13778055269
13340895518
13778611366
13708128158
18981534246
18981226171
13881105045
18981190937
15882839787
18780471503
13778066637
13880983092
13881103663
18081225935
13990939261
13990125855
13550988521
13981562939
15984635611
15328717979
15390263249
13350162826
18980205636
13778121912
13890140792
18096345919
13989298679
13982556338
13518333955
15882139631
15884996959
13881143186
18608369622
13684084911
15892665253
13795558488
13458008396
13629004217
18181760117
13982048469
13568655804
13890083046
13668252396
13458315202
13980099896
18284039100
13108391685
13990134065
18781142649
13981224823
15828517953
15308318233
13980122138
13980379878
15892821616
15884775699
13658187039
13981298836
18008925611
13980159879
13683434820
18990174423
18398417518
15397775706
18090261289
18398401179
15281806333
13990002169
15281682920
13036622336
15881734499
13795664826
18381626589
13881130099
15082167366
15082180369
13551580430
18980515280
13890254262
13778752298
15908230736
13551824160
15014055809
13778162652
13778334498
13881248702
13730860090
13890171075
15284024778
15983611110
15281158762
18181759946
13689628606
15983227869
18161050139
13881698847
18280430774
13629091966
18982880125
13881134733
18980209639
15882905511
18980387832
13881148698
13890129343
18981200608
15882880938
15882817873
13779419967
13678358208
13881026333
18190017229
17781835386
13609430015
18280543985
15183811933
15608272111
13158883298
18981131079
15281618724
13541385618
13163926947
15892636298
15884603169
13795901999
15881662927
13778013320
13881243170
13518468977
13980586237
18981066840
18161068397
15928913943
15808168793
15182356643
15308332369
18981222200
18908129790
15808168793
15228788812
13881358296
13628195388
15228409022
18180307996
13438038975
13696121716
13778145119
13548421649
15825890933
18780516485
13990115267
13778072052
18981218300
13981294818
13540996166
15008195548
15983612197
13308126633
18683659190
13096237189
15280955504
13438884428
13629087843
13551457979
15308119766
13518329607
13698240918
13778058013
13684490084
13890122121
13730790339
15508006160
14780995236
15881339099
18257732066
15700550766
18982502020
18111765166
18048195711
15328761009
13518313621
15828889985
13778175717
18980165768
13541592333
13551834383
13881175882
13795601034
13648159319
18989109095
13696265606
13989287393
13541762048
13541341302
15752805030
13006491608
18942835844
15280954156
13666166039
15881649447
13989153136
18990190213
18681681558
13018259227
13957854672
13778756020
13118199933
18990110318
13890158680
13989167503
13696259980
13320901842
15983929109
15882723838
13778341199
15609011752
13982661127
18048196133
13989270890
15182355355
15228318365
15884896032
13990031290
15983620917
13730717425
15388459577
13698269282
13881509283
18981139072
18381616005
18089557866
18981137041
18981189659
13989285538
15308120029
15881483668
18981189593
18783467933
18981165505
13088119978
13551884530
13696189705
13508129829
13980164164
13709008246
13890689189
13689694481
18113666366
13568279117
13881263784
15390308356
13981128159
13880253802
15386658617
15328580498
18080289603
13198666093
13980718947
13982993523
13890172111
18784138489
13541738989
13006491971
18681629613
15882789683
13778061993
13778030562
18780008698
13698106571
13668135964
13881129305
18482300987
18089550580
13982603313
13458029522
15280961687
18990100812
15328219263
13980167318
15984673182
13881533302
13990892093
13981133253
13540766520
15196237255
13628088227
13981233255
13777351196
13795955176
18030948416
18627969286
15892499715
18981558867
13541728117
18676912736
13882873313
13980508291
13795898390
13981245495
15882777026
18081553650
13962691293
13568007917
13550842918
13550864036
18281559696
13778281087
13990105077
18990512148
13309006919
15328811707
13908236963
15308180933
13547299709
15280900559
13890177033
18783930312
13241926929
13408671390
13990310937
13908125316
18281975528
13548474711
15882454633
13881274892
13508062979
13981131059
13458890534
18482247467
13890501001
15928122813
13909011079
13508288365
13981281109
15181829715
18121890719
13619067990
15881533866
13881196574
13508119696
18990198915
13548445173
13990158656
18328021563
13320897098
15280916666
13558580575
13881280063
18990337205
18683669595
13982985283
18981416255
13881605952
13890166629
15892622366
15528586391
13980037270
13689078588
18705090182
13551170706
13778062088
15328214678
17089792645
15883792066
13699647167
13778112992
15281698326
15882864980
13981230961
15281694108
13308166863
13398390020
18990869520
15378218408
18009052968
13890113648
15386649653
18990487450
15308111907
13778077802
15984662578
15181447982
13778778746
13608116458
13981110511
13989283784
13350967233
15984723337
13990199278
13778145169
13795553921
13981595778
13981123180
18190622211
13547528266
15228757248
13219270558
13320838013
15808381007
13982033147
13678226376
15881689909
13795958602
13518315115
18908025318
13990359472
13890682433
13890354565
15892675375
15386656979
13882500770
15386635615
15882811618
13547119633
15984829109
13568222117
15182321166
13981688272
18384646105
13980275247
15681337799
15892647465
13684275240
13628078834
15983826009
13183781009
13778082891
13458327458
13982095166
13881132999
15908323216
13508065784
15280967687
13419380288
18981169585
13778060398
18909069975
13980298531
18784940043
15093195877
13881195652
15775620966
13808119201
13709032665
13458303922
13990101467
18030651665
13550397912
18081212013
13880151598
15182489280
18030972351
13881983650
13990182809
13990819997
15182382168
18980321999
15983605173
13890190195
13350030503
18683650788
13568785640
13550070392
13881568629
15183866389
13982510133
13778020848
13981187251
15183303378
18381317278
15892668901
15082194062
15309053378
13990912523
13981523866
13350988373
18009088505
18048619418
13881240111
13568427388
15008152711
13990068383
15583076792
13981184856
18919548982
18784018027
13568377919
18030948058
13154436439
13990169847
18981260305
13881120537
18081259282
13990187113
13890190516
13778885328
15181627132
13219482999
13730712528
13550810837
13990701613
13551336841
18990188183
15983658412
15282964898
18781323088
13778612929
15892667250
15082198388
13981751379
13547615282
13548478249
18981644523
13508103300
13981148517
18981160010
15998903141
13778112044
13541827374
15892295229
13890175673
15983422486
13060195026
13408490071
13508100920
15378555120
18181111306
15351254476
15881719960
13881176173
18081382965
15386644980
13890146337
18349115690
13880531109
13795938065
13730718059
18030941817
18148069060
13508116363
13438800379
13981133086
18990124196
18080573662
15883588062
18217569815
13881185927
13981075549
13981507291
13989290569
13981184738
13330895878
18780317287
15328225960
13398356385
13092821915
13882905845
15884664825
15282077800
13778160898
15883901626
15892496484
18508240897
18011115535
18608168800
13778160307
13909015889
13881136332
13981222750
15881662599
13572247116
18781230943
18180751618
13696291923
13981517736
15181624856
13699803834
13550841598
15983912893
18784903923
15103568166
13981214971
15928232651
18228730347
18981137527
15228438650
13540906449
13568279179
13881228709
13550812306
17761011989
13540127707
13730701893
18721765378
18981639989
13989292126
15806054301
13881301558
13990368650
13551818537
13320908162
18040468638
15281126226
13568402102
18030937009
13928632559
13890612370
13035665894
13890140478
18681689137
13981277347
13688855159
13208338208
18981622385
15309038705
18142562960
13882490456
13708118168
18908170858
13990181922
13980133017
15984760909
18380573157
15882007805
13990249401
13990230862
15378223260
15328581096
15328220935
13696263757
13708114201
13881242700
13881127652
15280973581
13882850297
15881868188
13608155951
13458047193
18180109121
15884618906
13508162499
13908111271
15983208852
18008162812
15308311830
15183952568
18990106071
13417351309
13359188553
18980131976
18310897691
13982599280
13881031519
13508182455
13981863001
13658136593
13154442925
13508047782
17709040315
13551683957
13440035288
18281922122
15281668360
13541366546
13881101896
15386510187
18281508446
18181268186
18990852866
13981114327
13709067425
15228766974
18284950346
13547300288
18090286168
13982683625
15281657583
13183553835
13980262030
13550575100
15983622768
18780495009
15182481615
13981306290
13696284985
13086401282
13609685026
15520558756
13408597700
13699463689
13890199102
15983250854
18190003757
13808004626
13890514288
13890111230
15298137097
13980138176
13881239758
18113788997
13568050372
18281530127
13981290705
13696292823
18980156158
13882551637
15282835738
15282896263
13458486740
13002892519
15308139186
13541685065
13990401518
13981290966
13398499172
15222526737
17713682969
15729637807
15386630745
15386633955
15008167978
18080563681
13980767969
18981255288
13551580810
15182486035
15281973666
15228768276
13761476083
13778013002
18581729299
13696158463
13308211902
13881109912
13518220336
13990102175
13309010706
15196420387
13568387069
15983271050
13890165793
13568364931
13890178378
13981388585
13541765168
13551323901
15181667273
18980159131
18800956155
13438321346
13982568106
17765551383
13689681661
13890194389
13541792198
18144265573
15282804688
13540271845
18090621933
15309079016
15008110551
13508060765
17713562016
18090299958
13990111893
18990732126
18009087820
13980827069
13808203721
18982123598
13990184678
15908213165
13881149739
13982516686
18982123206
13678332002
15984676077
15882783805
15882830957
18081436181
18767228193
18357498212
13628110550
13378363889
13778093905
13547098681
18244268896
15881636306
13330881219
18009041968
13548472968
13882102681
13018132998
15008185133
18011116166
13990638825
18981190209
13882191524
18683813606
13548232450
13700906173
13990907991
13221580662
15196236032
18608392994
13458192531
13699655889
13648099008
13608189338
18681678788
13508009639
18919548286
13008141935
15881248788
15351233332
13699059139
13881459099
13990904201
13700997206
13880749817
13990933152
13549862619
15182360034
15196861072
13990632598
15881434072
18608337142
15892221262
15281105934
13696271886
13989279320
13628051349
18990191531
18030930920
18608166771
13056634223
18780390867
13350993215
13668336718
13208186252
15884618609
15282403714
13778493893
13668359865
13882932081
18981551808
18081226560
18228239921
13696174638
13981085558
13989271761
13982809051
18781414994
15390276251
15983677903
13548046093
15082801056
18784933108
13881122097
18909048953
18781392388
18980168919
13882496822
18990686722
15281629656
13668337271
13699620008
18981121949
13696293837
18981693808
13890776662
15281643848
15280994075
13540009862
13552390904
13981680676
15983685182
13981155988
13308115549
18981796551
18048132700
13981275890
15351421099
15196626885
18681697269
15196991903
18784055999
15828336927
13340738350
15681191975
13990163793
18981235889
15828877699
15883770831
13981102636
13990183030
13550575395
13958390235
13519093519
15983656680
15892392088
13458581829
13909001586
13700966663
13981416278
18781186977
13518337889
13659038850
18728790336
18781055999
13881026756
13508125119
13547234225
18795009894
13890156679
13518304446
13508062778
15082163733
15528502691
13778155580
18990551089
18990117661
13088254499
13550858334
13881053295
13684473550
13541742893
13981119006
13778759287
13712930988
13458306159
13882442887
13881180250
13438604001
13320880610
15983696778
13648114116
13981101968
18281513922
13890108028
18381681877
13458019701
13696269719
13678278727
13547598992
15228337388
13778114660
13909075256
13980149283
18780308969
15182421381
13881273797
13908085584
13508113377
13708111658
13568326279
15328223199
15228416248
13541743342
13778455813
13881552153
13890208459
13882156913
13981477706
13340739818
13980151985
13881110562
13808295902
13795703889
18780516030
15892984964
18990106286
15881886880
13881189993
18228900363
13568765688
15682055549
18009050906
15309010676
13981254868
15228351408
13980120149
13679021992
13810871263
15892656628
13548223213
13989290358
13541753698
13990192229
18780415901
13990111516
18281590143
13981148717
15182467293
13378164278
15983690799
15281868151
15378239210
13330881656
18180040933
13990182000
18111770098
13547179792
13795956684
13778061233
18011060600
18580005987
18981154161
18981109026
13990130686
13990130860
18980387097
13608265012
13890267522
18380730538
18981160578
15828808998
13398358120
13340889556
18981159047
18942884352
13778051199
13568256111
13671889535
18980882257
13890336523
13795759059
18981999460
13550836633
15196438567
13547199197
13890121377
18382913446
13990162859
13689677249
13458086805
13981277923
13801954179
13816388175
17198206755
13678230044
13340756047
15351237498
18161006067
15282094762
13684243317
18682623038
13881210255
18980168768
13518309737
13981197377
18520928755
13696294005
18682600186
13990121012
18608592693
18981235043
18784056194
15729625337
13981658877
18909022985
15328663243
15595931567
13018265059
13678389613
13908121030
15882529988
13550210791
13890114720
13980150377
13990483021
18190961555
13198328698
13219934088
18781610950
18781180079
15182313196
13541148149
15882831122
18726001017
13981143113
13981266014
13568748619
13094588225
15281695145
15390269762
13340906737
13890169116
18781680653
15386668884
13608139384
18080704316
18981189487
15328117587
13990122550
18781793939
13308114287
13628054081
15882851060
15882841760
13508116181
18081250721
15882872228
18508168528
15983771154
13880310900
15983824000
18381611843
15328238068
13890161939
15299139982
13882556590
18583379522
13708115123
13518388130
18990999160
18780489366
13990222796
13458315767
13568266695
13419107861
13990141374
13696216331
15228339373
13625206671
18981126352
13388110024
13808111265
13458300955
13541516668
18990112066
13698126826
13518322200
13982513844
15528171789
13881201158
18508398838
15228384306
13890468940
13981194258
18113605163
13696256588
18352431426
15882433082
18981146437
18306069073
18113020621
13890250559
13438365095
13568402093
18981122567
18080498339
13568314485
13778055422
13909015577
18990430246
13890164919
13882037377
18081133491
13440108666
13989242769
18780408707
18683827710
18990176016
15181847120
18113218701
13608127596
17761214189
13881368139
15378376112
17780119299
13438403303
13096042917
15308020216
13618073866
15351257325
15883770211
13982076887
13881264526
15919415406
13402395632
15808164308
13908154876
13778255632
18908127329
15196286491
13350537299
15982634566
13881010873
13982923187
18781623751
15984412131
18990339863
18801405876
13378111577
13778060588
15681161298
15386606260
15281613777
15882860288
18608091266
13989284569
18628157518
13540385360
13696283528
13908288173
18113026892
13778123242
15881773999
18048196909
13438549056
18981184370
15928231708
18161044730
13778080353
18990353881
15181603887
13881108628
13696268586
18989995008
13908129158
18022133025
13981741925
13990164455
13183593539
15883687909
13882279923
18981107542
14780671565
13990124745
13778056599
13696266285
13809618406
13378379800
18781212098
13890701681
15309051107
15928514710
13981124448
18160130932
18048008877
13350951916
15351257558
15283645194
18281933635
13981225283
15281809593
13330685015
13880589626
18981177936
13540179721
15984676204
15892679920
15983678259
18682729488
13458665661
13990164659
18981173817
13981119312
15182399653
13881503093
15882798906
13778063139
15378616688
15281160301
13882189765
15884653344
13881128349
15282000621
13458065177
13882564873
18981104459
15328240822
18728781522
13981556054
18817791361
13458049836
13340971398
13881269770
15883791988
13540918830
14781861650
13778063138
15881421737
18081235351
18048179778
18281552798
13309018601
18981474969
13398368105
13350490948
13335743868
13518333778
15228017496
13882164292
13999009691
13438754969
13778125936
13890136303
15282596668
13981160368
13808111131
13778805588
15283380359
13881208440
13861636209
18382712888
18140389383
13700962432
15983633992
13568272720
13795905966
13696272233
13881118399
15983667675
15881201087
15983612589
18090261725
15308335596
13568362671
18981123672
13990926065
18284902263
13778455433
15351469666
13699637863
18981101177
15882820915
13281405640
13908111667
18782447302
15228766363
13678224910
13698132884
13990346468
15182485065
18181791566
13882527828
18282043211
13890177919
15883691034
18780383688
18989151358
13309011346
13890139815
15883948248
18990932753
13518309820
13890116389
15308328722
13881109918
13890097801
18990449689
18140376602
13778016996
17748455856
13881101937
18781623781
15883604421
13778051349
18780383550
13628110175
18783893907
13909010708
13778150364
13990197818
18116681871
18581854131
13550811095
15281623253
13981179177
13510039820
15908229295
13708118451
13981272929
18015765192
17050112430
13989296727
18628902681
15328717875
13989252616
18048740080
18008259995
13518422255
13880410668
13458062880
13427912120
18664803288
15884671061
13438403000
13778171662
13981109507
13547752576
13684072938
13568260885
13890100058
13568619458
13699620370
13111850226
13982046777
13608116748
13890734566
15386512998
13568435617
13219658222
15082190888
18090382031
13688491525
18090680959
13006428446
15182359518
1354711849
13547118498
18289009626
13881156884
13550803231
15808327337
13981188578
13689685722
13309019335
13908114952
13982533763
15228148618
13458438233
13158891635
13419366937
18161020998
17761037216
13551158689
18781010113
13696271858
15892258879
18981139560
13608126390
13154431098
18808393288
18876685566
13795893106
15388114420
17828178775
15882825607
13981003805
13408260799
15892668055
15983512758
13890152580
13708276279
13908129660
13608245745
13778057986
15397770876
18181778151
18180163096
15390254761
13881179709
18781186848
18030939755
15390264236
15348135558
15282877528
13989277475
13547120818
15282042305
13778895887
18181765611
18190121086
13990165491
15108213136
15808234988
13458071319
13890101626
18181372033
13689689013
15983678878
15181688156
13320906690
13548468571
13778042873
15397786113
13691797836
13198308581
15982559933
18382657999
13036658515
15948831646
13698129762
15390256685
13208273305
13618118002
13688340389
18784586370
15984692622
13668321126
13881716406
13795892619
13901330886
13550610860
13990126256
13568428207
13404014179
15983622298
13881111952
13388192865
15983649768
15196229137
13678359162
13120697536
17308161057
15181640697
13281563296
13778114595
13508101437
15828756061
18281977140
15984096788
17790276763
13881080040
13608005915
13658010818
13778978565
18608090277
13990022493
13990166262
15908185538
18111716019
13881583539
13981178472
15808312682
13508105581
15882789583
13281560618
15348159228
13592702736
13158896717
18981157258
15983448291
13628099136
13778018166
15386606370
15308318997
13378158111
13547120002
18011146909
13990726611
18080578977
13990199792
18982169386
13909032746
18981173463
13709079398
18981231481
18980126719
13541745437
13547832989
18850904908
13981665811
15882529088
18113883605
13795891872
13881263170
15378692777
13350166366
13981222082
18782477753
18682520918
18683289199
13778385170
15983602067
13890662582
13890489542
13551787885
13881606973
13980158192
18328687808
13981085351
13816484933
15308114991
13881311670
15983886003
13778158389
18582110403
18090516798
13219013957
13890112022
13551625086
13989272329
15908211523
13568073222
13568861722
13198879692
13981027677
13981033578
15183668383
15908209628
18784046469
13208298777
13541765999
18228087065
18080563320
13980311159
15008169004
13990524824
13778462651
15397781462
13696298013
13981164122
13154464018
13881108004
15228798315
15181048752
15298090829
15882062086
13908122756
18340813992
13258450078
15228300508
18081201988
15181600229
18981100968
15308313335
13795646766
18981116518
13548221119
18990173636
13990531916
13881051205
18728326048
15009071969
13890113537
15198029134
18380531296
13981149120
13084499516
13981225302
13568885843
18780334352
15984088825
15181655063
18980337336
15982955616
15182052136
13548313845
13980122717
13795950739
18608119099
13881207462
18981267276
15281694697
13981386627
18140351532
13708123423
17508147985
18981184088
15984658463
18982500108
13568902083
15082293883
13678390189
13982558528
13688413648
15182409952
15882729666
18188388481
13890999858
18030990083
13881186108
13881351221
18608144411
13881638682
15228326588
13890469910
18982750119
18090009366
13550513999
18090516978
13658117239
15984307060
15181524880
15902853357
13568369969
18981169839
18048185532
13547208369
13778072299
13981123142
15008150009
18989981999
13679615438
13890135333
18780510838
18908128668
13558994064
13778033899
15680162678
13541998356
18190018922
18180967958
18990133912
15244927129
15280900138
15182486738
18942833379
15882850325
13795756806
18148460573
13668331280
15882793189
13990290382
18280155108
15361319292
18981163402
15082158275
13981281537
18040486669
18980519929
18398449505
13540200938
18780368273
17308180261
13982063358
13350654582
13981172499
13778156940
18581725618
15328915925
13778157403
13881127013
13551616066
13320897493
15884673456
18981640699
18628086093
13908189017
15228681865
15228354459
13340623933
18190007713
18482243712
13982536945
13550834079
13880085344
13698136945
13990363179
13890782828
13036566672
15908312989
18981685927
18981134861
18084881347
18030974585
15984608288
13981106639
18090262028
18781639056
18980917718
13689679838
13518288432
13990501695
13659022757
13309016432
15984651705
13990305585
13628112025
13882830078
13056509568
13990185439
13990177716
13693425062
13689626126
13568427049
15281625986
13881179759
13959887488
13990220017
18180849018
13981397318
15181601704
18142546549
15881698883
13778056039
13778050785
13508068599
13908198367
13989270315
13700961837
13308111218
18982079822
13890111616
15892638258
15883791571
18281699088
13880012498
15908421352
18381636395
18281454600
13981075425
13551952833
15282761819
13320922060
13378185632
18981206596
18919551638
13696270698
13908113070
15984609966
18048600985
13550463245
13778050281
18608161288
13035682626
13508156633
13458269196
15328220303
13890175025
13547121380
13438328012
13881124441
18981134658
15308113227
15881423177
15883766046
15228557428
15283855321
18981130395
18682612111
13699628889
15984333610
13540323697
13350271761
15983680300
18990630148
18188401003
13508280787
13990385800
18990393978
13990133077
15183966362
18284375108
15883789309
15181531920
13989292106
18981314688
18981951475
15984074214
13880107994
13981031803
13980155445
13308080898
13158868862
13408693388
13982118063
13551105938
13518323487
18782572465
15982751008
15883998888
13881237779
13608115740
13990171929
13551929552
13550850936
13890061556
13795592853
13890085987
13890195155
13882545526
18190018956
15982966972
13881155735
13981242156
13628070204
18284085645
18908118686
18328453666
13890120939
18030991398
13881134053
15328597303
13547771180
18676838789
13909065516
15678358184
18981542028
13696203521
18780510728
13981158303
18989293836
13548426925
13981225101
15882212414
13990135359
13778053801
13350018213
18190666158
15884610807
13730715609
13648027369
15082198808
13458062845
13398496903
18990335898
18990175595
15983420229
13981195899
13980926071
18782051959
18681636660
13548447676
13398495875
18281401548
18784584036
18728919885
13890166510
15082647254
17716825982
13881237297
18081240081
18080281287
13981508080
18284973698
13398378371
18328799468
13330993555
18783264913
15884619756
13990185754
15892673450
18015762979
15283768116
18393666566
13811522297
13198715098
13890188788
15908143233
13350009996
15983683139
13989236238
18782283688
18932636867
13890119153
13981136476
13990111783
13890158111
18982550805
15181602208
13482029992
13551941617
13990127253
15280990359
13989293696
13035687678
15884665939
18780414319
13778008069
15281153938
13388107881
13219968812
18281366158
18084889691
13890468968
18610869985
13219982598
18990753538
13708249150
18702845402
15892657751
13778147133
18981118697
13541451155
18608088998
18980389989
13350996616
13699609881
17608152405
13882991728
15883970860
13981118399
18981165679
13541889113
15284032571
13730708404
18980855558
13036432587
15351248709
18780473071
13550838512
13518343331
13618116117
17709005832
18981189061
13881148341
15520803736
13990898799
13778025227
18982752396
13981152085
15881671189
13518300998
15828437805
15984058569
13778865666
13402377944
18161008306
13330735566
13309036812
15182399660
13547168257
13378173513
18081236273
13550800872
15882828008
13980143491
13608128625
15828878279
13550823523
15883575068
13881130786
15984093052
18111012691
18144258082
18728372085
15983605193
13698375112
18081241789
18383244043
13096128006
13551540371
13508108416
13689009126
13882503895
13679615835
13547199328
18990168458
13881188933
15882695525
15892624010
13778280204
13958250919
18190011224
13508120773
13541743821
18681654464
13568265327
15228178763
13634112882
13330903181
15182426356
18990105280
15892870055
13608245608
13881220663
18784911797
13981224496
15082154438
13550319988
13990718638
13219946550
18030990025
13550852569
18583388475
15281679869
15982190670
15881613013
13890236120
15199192646
15281694129
13981255492
18990613481
13981112979
18080244949
13608133777
13708126750
18686088539
13535588188
15002876256
15390254751
18981146370
13398379930
17313623463
15082762216
18380530781
13778030081
18981131929
13808262257
13778068275
18190785601
18280124665
13730713159
15892624958
18981140739
13350238596
18683650688
13808199810
17507691542

